426 732 826 826 826 826 826 826 826 826 826 826 826 826 826 826 826 826 826 826 
121 668 826 826 826 826 826 826 826 826 826 826 826 826 826 826 826 826 826 826 
593 668 826 826 826 826 826 826 826 826 826 826 826 826 826 826 826 826 826 826 
403 524 826 826 826 826 826 826 826 826 826 826 826 826 826 826 826 826 826 826 
581 524 826 826 826 826 826 826 826 826 826 826 826 826 826 826 826 826 826 826 
739 165 826 826 826 826 826 826 826 826 826 826 826 826 826 826 826 826 826 826 
796 524 826 826 826 826 826 826 826 826 826 826 826 826 826 826 826 826 826 826 
572 165 826 826 826 826 826 826 826 826 826 826 826 826 826 826 826 826 826 826 
320 165 826 826 826 826 826 826 826 826 826 826 826 826 826 826 826 826 826 826 
467 165 826 826 826 826 826 826 826 826 826 826 826 826 826 826 826 826 826 826 
329 165 826 826 826 826 826 826 826 826 826 826 826 826 826 826 826 826 826 826 
611 165 826 826 826 826 826 826 826 826 826 826 826 826 826 826 826 826 826 826 
673 524 826 826 826 826 826 826 826 826 826 826 826 826 826 826 826 826 826 826 
799 524 826 826 826 826 826 826 826 826 826 826 826 826 826 826 826 826 826 826 
417 165 826 826 826 826 826 826 826 826 826 826 826 826 826 826 826 826 826 826 
523 165 826 826 826 826 826 826 826 826 826 826 826 826 826 826 826 826 826 826 
217 165 826 826 826 826 826 826 826 826 826 826 826 826 826 826 826 826 826 826 
427 524 826 826 826 826 826 826 826 826 826 826 826 826 826 826 826 826 826 826 
361 165 826 826 826 826 826 826 826 826 826 826 826 826 826 826 826 826 826 826 
584 165 826 826 826 826 826 826 826 826 826 826 826 826 826 826 826 826 826 826 
192 165 826 826 826 826 826 826 826 826 826 826 826 826 826 826 826 826 826 826 
158 165 826 826 826 826 826 826 826 826 826 826 826 826 826 826 826 826 826 826 
400 165 826 826 826 826 826 826 826 826 826 826 826 826 826 826 826 826 826 826 
83 524 826 826 826 826 826 826 826 826 826 826 826 826 826 826 826 826 826 826 
25 165 826 826 826 826 826 826 826 826 826 826 826 826 826 826 826 826 826 826 
805 165 826 826 826 826 826 826 826 826 826 826 826 826 826 826 826 826 826 826 
653 165 826 826 826 826 826 826 826 826 826 826 826 826 826 826 826 826 826 826 
447 524 826 826 826 826 826 826 826 826 826 826 826 826 826 826 826 826 826 826 
344 165 826 826 826 826 826 826 826 826 826 826 826 826 826 826 826 826 826 826 
290 165 826 826 826 826 826 826 826 826 826 826 826 826 826 826 826 826 826 826 
4 524 826 826 826 826 826 826 826 826 826 826 826 826 826 826 826 826 826 826 
594 165 826 826 826 826 826 826 826 826 826 826 826 826 826 826 826 826 826 826 
330 165 826 826 826 826 826 826 826 826 826 826 826 826 826 826 826 826 826 826 
260 165 826 826 826 826 826 826 826 826 826 826 826 826 826 826 826 826 826 826 
405 165 826 826 826 826 826 826 826 826 826 826 826 826 826 826 826 826 826 826 
245 165 826 826 826 826 826 826 826 826 826 826 826 826 826 826 826 826 826 826 
154 165 826 826 826 826 826 826 826 826 826 826 826 826 826 826 826 826 826 826 
90 42 826 826 826 826 826 826 826 826 826 826 826 826 826 826 826 826 826 826 
675 165 826 826 826 826 826 826 826 826 826 826 826 826 826 826 826 826 826 826 
741 524 826 826 826 826 826 826 826 826 826 826 826 826 826 826 826 826 826 826 
414 165 826 826 826 826 826 826 826 826 826 826 826 826 826 826 826 826 826 826 
701 524 826 826 826 826 826 826 826 826 826 826 826 826 826 826 826 826 826 826 
13 165 826 826 826 826 826 826 826 826 826 826 826 826 826 826 826 826 826 826 
786 524 826 826 826 826 826 826 826 826 826 826 826 826 826 826 826 826 826 826 
746 165 826 826 826 826 826 826 826 826 826 826 826 826 826 826 826 826 826 826 
318 524 826 826 826 826 826 826 826 826 826 826 826 826 826 826 826 826 826 826 
468 165 826 826 826 826 826 826 826 826 826 826 826 826 826 826 826 826 826 826 
422 165 826 826 826 826 826 826 826 826 826 826 826 826 826 826 826 826 826 826 
692 42 826 826 826 826 826 826 826 826 826 826 826 826 826 826 826 826 826 826 
40 42 826 826 826 826 826 826 826 826 826 826 826 826 826 826 826 826 826 826 
229 524 826 826 826 826 826 826 826 826 826 826 826 826 826 826 826 826 826 826 
291 524 826 826 826 826 826 826 826 826 826 826 826 826 826 826 826 826 826 826 
757 524 826 826 826 826 826 826 826 826 826 826 826 826 826 826 826 826 826 826 
22 524 826 826 826 826 826 826 826 826 826 826 826 826 826 826 826 826 826 826 
641 668 826 826 826 826 826 826 826 826 826 826 826 826 826 826 826 826 826 826 
325 165 826 826 826 826 826 826 826 826 826 826 826 826 826 826 826 826 826 826 
180 165 826 826 826 826 826 826 826 826 826 826 826 826 826 826 826 826 826 826 
262 668 826 826 826 826 826 826 826 826 826 826 826 826 826 826 826 826 826 826 
109 29 826 826 826 826 826 826 826 826 826 826 826 826 826 826 826 826 826 826 
128 165 826 826 826 826 826 826 826 826 826 826 826 826 826 826 826 826 826 826 
704 165 826 826 826 826 826 826 826 826 826 826 826 826 826 826 826 826 826 826 
144 165 826 826 826 826 826 826 826 826 826 826 826 826 826 826 826 826 826 826 
508 165 826 826 826 826 826 826 826 826 826 826 826 826 826 826 826 826 826 826 
503 524 826 826 826 826 826 826 826 826 826 826 826 826 826 826 826 826 826 826 
520 165 826 826 826 826 826 826 826 826 826 826 826 826 826 826 826 826 826 826 
149 524 826 826 826 826 826 826 826 826 826 826 826 826 826 826 826 826 826 826 
764 165 826 826 826 826 826 826 826 826 826 826 826 826 826 826 826 826 826 826 
571 165 826 826 826 826 826 826 826 826 826 826 826 826 826 826 826 826 826 826 
678 254 826 826 826 826 826 826 826 826 826 826 826 826 826 826 826 826 826 826 
543 254 826 826 826 826 826 826 826 826 826 826 826 826 826 826 826 826 826 826 
671 524 826 826 826 826 826 826 826 826 826 826 826 826 826 826 826 826 826 826 
176 668 826 826 826 826 826 826 826 826 826 826 826 826 826 826 826 826 826 826 
354 524 826 826 826 826 826 826 826 826 826 826 826 826 826 826 826 826 826 826 
495 165 826 826 826 826 826 826 826 826 826 826 826 826 826 826 826 826 826 826 
513 165 826 826 826 826 826 826 826 826 826 826 826 826 826 826 826 826 826 826 
791 42 826 826 826 826 826 826 826 826 826 826 826 826 826 826 826 826 826 826 
815 524 826 826 826 826 826 826 826 826 826 826 826 826 826 826 826 826 826 826 
288 42 826 826 826 826 826 826 826 826 826 826 826 826 826 826 826 826 826 826 
485 524 826 826 826 826 826 826 826 826 826 826 826 826 826 826 826 826 826 826 
574 524 826 826 826 826 826 826 826 826 826 826 826 826 826 826 826 826 826 826 
809 524 826 826 826 826 826 826 826 826 826 826 826 826 826 826 826 826 826 826 
332 524 826 826 826 826 826 826 826 826 826 826 826 826 826 826 826 826 826 826 
801 524 826 826 826 826 826 826 826 826 826 826 826 826 826 826 826 826 826 826 
552 668 826 826 826 826 826 826 826 826 826 826 826 826 826 826 826 826 826 826 
599 524 826 826 826 826 826 826 826 826 826 826 826 826 826 826 826 826 826 826 
30 668 826 826 826 826 826 826 826 826 826 826 826 826 826 826 826 826 826 826 
376 784 826 826 826 826 826 826 826 826 826 826 826 826 826 826 826 826 826 826 
469 668 826 826 826 826 826 826 826 826 826 826 826 826 826 826 826 826 826 826 
278 165 826 826 826 826 826 826 826 826 826 826 826 826 826 826 826 826 826 826 
436 165 826 826 826 826 826 826 826 826 826 826 826 826 826 826 826 826 826 826 
225 165 826 826 826 826 826 826 826 826 826 826 826 826 826 826 826 826 826 826 
415 524 826 826 826 826 826 826 826 826 826 826 826 826 826 826 826 826 826 826 
705 668 826 826 826 826 826 826 826 826 826 826 826 826 826 826 826 826 826 826 
208 668 826 826 826 826 826 826 826 826 826 826 826 826 826 826 826 826 826 826 
201 524 826 826 826 826 826 826 826 826 826 826 826 826 826 826 826 826 826 826 
132 524 826 826 826 826 826 826 826 826 826 826 826 826 826 826 826 826 826 826 
204 524 826 826 826 826 826 826 826 826 826 826 826 826 826 826 826 826 826 826 
65 524 826 826 826 826 826 826 826 826 826 826 826 826 826 826 826 826 826 826 
390 524 826 826 826 826 826 826 826 826 826 826 826 826 826 826 826 826 826 826 
106 668 826 826 826 826 826 826 826 826 826 826 826 826 826 826 826 826 826 826 
55 524 826 826 826 826 826 826 826 826 826 826 826 826 826 826 826 826 826 826 
202 524 826 826 826 826 826 826 826 826 826 826 826 826 826 826 826 826 826 826 
409 42 826 826 826 826 826 826 826 826 826 826 826 826 826 826 826 826 826 826 
120 42 826 826 826 826 826 826 826 826 826 826 826 826 826 826 826 826 826 826 
139 42 826 826 826 826 826 826 826 826 826 826 826 826 826 826 826 826 826 826 
351 42 826 826 826 826 826 826 826 826 826 826 826 826 826 826 826 826 826 826 
775 165 826 826 826 826 826 826 826 826 826 826 826 826 826 826 826 826 826 826 
639 524 826 826 826 826 826 826 826 826 826 826 826 826 826 826 826 826 826 826 
100 42 826 826 826 826 826 826 826 826 826 826 826 826 826 826 826 826 826 826 
596 42 826 826 826 826 826 826 826 826 826 826 826 826 826 826 826 826 826 826 
356 524 826 826 826 826 826 826 826 826 826 826 826 826 826 826 826 826 826 826 
34 668 826 826 826 826 826 826 826 826 826 826 826 826 826 826 826 826 826 826 
74 668 826 826 826 826 826 826 826 826 826 826 826 826 826 826 826 826 826 826 
194 254 826 826 826 826 826 826 826 826 826 826 826 826 826 826 826 826 826 826 
67 524 826 826 826 826 826 826 826 826 826 826 826 826 826 826 826 826 826 826 
491 524 826 826 826 826 826 826 826 826 826 826 826 826 826 826 826 826 826 826 
221 784 826 826 826 826 826 826 826 826 826 826 826 826 826 826 826 826 826 826 
23 254 826 826 826 826 826 826 826 826 826 826 826 826 826 826 826 826 826 826 
648 29 826 826 826 826 826 826 826 826 826 826 826 826 826 826 826 826 826 826 
105 29 826 826 826 826 826 826 826 826 826 826 826 826 826 826 826 826 826 826 
125 784 826 826 826 826 826 826 826 826 826 826 826 826 826 826 826 826 826 826 
549 668 826 826 826 826 826 826 826 826 826 826 826 826 826 826 826 826 826 826 
781 29 826 826 826 826 826 826 826 826 826 826 826 826 826 826 826 826 826 826 
292 524 826 826 826 826 826 826 826 826 826 826 826 826 826 826 826 826 826 826 
605 42 826 826 826 826 826 826 826 826 826 826 826 826 826 826 826 826 826 826 
660 42 826 826 826 826 826 826 826 826 826 826 826 826 826 826 826 826 826 826 
173 524 826 826 826 826 826 826 826 826 826 826 826 826 826 826 826 826 826 826 
437 524 826 826 826 826 826 826 826 826 826 826 826 826 826 826 826 826 826 826 
73 524 826 826 826 826 826 826 826 826 826 826 826 826 826 826 826 826 826 826 
324 42 826 826 826 826 826 826 826 826 826 826 826 826 826 826 826 826 826 826 
630 42 826 826 826 826 826 826 826 826 826 826 826 826 826 826 826 826 826 826 
147 524 826 826 826 826 826 826 826 826 826 826 826 826 826 826 826 826 826 826 
418 524 826 826 826 826 826 826 826 826 826 826 826 826 826 826 826 826 826 826 
196 524 826 826 826 826 826 826 826 826 826 826 826 826 826 826 826 826 826 826 
462 42 826 826 826 826 826 826 826 826 826 826 826 826 826 826 826 826 826 826 
45 524 826 826 826 826 826 826 826 826 826 826 826 826 826 826 826 826 826 826 
783 524 826 826 826 826 826 826 826 826 826 826 826 826 826 826 826 826 826 826 
501 29 826 826 826 826 826 826 826 826 826 826 826 826 826 826 826 826 826 826 
224 165 826 826 826 826 826 826 826 826 826 826 826 826 826 826 826 826 826 826 
198 165 826 826 826 826 826 826 826 826 826 826 826 826 826 826 826 826 826 826 
342 524 826 826 826 826 826 826 826 826 826 826 826 826 826 826 826 826 826 826 
126 524 826 826 826 826 826 826 826 826 826 826 826 826 826 826 826 826 826 826 
774 42 826 826 826 826 826 826 826 826 826 826 826 826 826 826 826 826 826 826 
419 42 826 826 826 826 826 826 826 826 826 826 826 826 826 826 826 826 826 826 
488 42 826 826 826 826 826 826 826 826 826 826 826 826 826 826 826 826 826 826 
21 165 826 826 826 826 826 826 826 826 826 826 826 826 826 826 826 826 826 826 
812 165 826 826 826 826 826 826 826 826 826 826 826 826 826 826 826 826 826 826 
372 668 826 826 826 826 826 826 826 826 826 826 826 826 826 826 826 826 826 826 
677 524 826 826 826 826 826 826 826 826 826 826 826 826 826 826 826 826 826 826 
309 524 826 826 826 826 826 826 826 826 826 826 826 826 826 826 826 826 826 826 
104 254 826 826 826 826 826 826 826 826 826 826 826 826 826 826 826 826 826 826 
767 784 826 826 826 826 826 826 826 826 826 826 826 826 826 826 826 826 826 826 
256 784 826 826 826 826 826 826 826 826 826 826 826 826 826 826 826 826 826 826 
792 165 826 826 826 826 826 826 826 826 826 826 826 826 826 826 826 826 826 826 
768 165 826 826 826 826 826 826 826 826 826 826 826 826 826 826 826 826 826 826 
621 165 826 826 826 826 826 826 826 826 826 826 826 826 826 826 826 826 826 826 
706 668 826 826 826 826 826 826 826 826 826 826 826 826 826 826 826 826 826 826 
156 165 826 826 826 826 826 826 826 826 826 826 826 826 826 826 826 826 826 826 
816 668 826 826 826 826 826 826 826 826 826 826 826 826 826 826 826 826 826 826 
133 165 826 826 826 826 826 826 826 826 826 826 826 826 826 826 826 826 826 826 
37 165 826 826 826 826 826 826 826 826 826 826 826 826 826 826 826 826 826 826 
220 42 826 826 826 826 826 826 826 826 826 826 826 826 826 826 826 826 826 826 
387 668 826 826 826 826 826 826 826 826 826 826 826 826 826 826 826 826 826 826 
688 524 826 826 826 826 826 826 826 826 826 826 826 826 826 826 826 826 826 826 
624 165 826 826 826 826 826 826 826 826 826 826 826 826 826 826 826 826 826 826 
226 524 826 826 826 826 826 826 826 826 826 826 826 826 826 826 826 826 826 826 
806 524 826 826 826 826 826 826 826 826 826 826 826 826 826 826 826 826 826 826 
9 42 826 826 826 826 826 826 826 826 826 826 826 826 826 826 826 826 826 826 
810 668 826 826 826 826 826 826 826 826 826 826 826 826 826 826 826 826 826 826 
614 165 826 826 826 826 826 826 826 826 826 826 826 826 826 826 826 826 826 826 
769 524 826 826 826 826 826 826 826 826 826 826 826 826 826 826 826 826 826 826 
298 524 826 826 826 826 826 826 826 826 826 826 826 826 826 826 826 826 826 826 
659 784 826 826 826 826 826 826 826 826 826 826 826 826 826 826 826 826 826 826 
751 29 826 826 826 826 826 826 826 826 826 826 826 826 826 826 826 826 826 826 
591 29 826 826 826 826 826 826 826 826 826 826 826 826 826 826 826 826 826 826 
391 29 826 826 826 826 826 826 826 826 826 826 826 826 826 826 826 826 826 826 
374 42 826 826 826 826 826 826 826 826 826 826 826 826 826 826 826 826 826 826 
525 524 826 826 826 826 826 826 826 826 826 826 826 826 826 826 826 826 826 826 
177 29 826 826 826 826 826 826 826 826 826 826 826 826 826 826 826 826 826 826 
444 29 826 826 826 826 826 826 826 826 826 826 826 826 826 826 826 826 826 826 
620 29 826 826 826 826 826 826 826 826 826 826 826 826 826 826 826 826 826 826 
170 524 826 826 826 826 826 826 826 826 826 826 826 826 826 826 826 826 826 826 
269 165 826 826 826 826 826 826 826 826 826 826 826 826 826 826 826 826 826 826 
241 165 826 826 826 826 826 826 826 826 826 826 826 826 826 826 826 826 826 826 
385 524 826 826 826 826 826 826 826 826 826 826 826 826 826 826 826 826 826 826 
317 524 826 826 826 826 826 826 826 826 826 826 826 826 826 826 826 826 826 826 
734 165 826 826 826 826 826 826 826 826 826 826 826 826 826 826 826 826 826 826 
267 165 826 826 826 826 826 826 826 826 826 826 826 826 826 826 826 826 826 826 
159 784 826 826 826 826 826 826 826 826 826 826 826 826 826 826 826 826 826 826 
222 524 826 826 826 826 826 826 826 826 826 826 826 826 826 826 826 826 826 826 
233 254 826 826 826 826 826 826 826 826 826 826 826 826 826 826 826 826 826 826 
94 254 826 826 826 826 826 826 826 826 826 826 826 826 826 826 826 826 826 826 
539 524 826 826 826 826 826 826 826 826 826 826 826 826 826 826 826 826 826 826 
461 165 826 826 826 826 826 826 826 826 826 826 826 826 826 826 826 826 826 826 
439 524 826 826 826 826 826 826 826 826 826 826 826 826 826 826 826 826 826 826 
740 165 826 826 826 826 826 826 826 826 826 826 826 826 826 826 826 826 826 826 
451 165 826 826 826 826 826 826 826 826 826 826 826 826 826 826 826 826 826 826 
57 668 826 826 826 826 826 826 826 826 826 826 826 826 826 826 826 826 826 826 
460 165 826 826 826 826 826 826 826 826 826 826 826 826 826 826 826 826 826 826 
377 165 826 826 826 826 826 826 826 826 826 826 826 826 826 826 826 826 826 826 
441 42 826 826 826 826 826 826 826 826 826 826 826 826 826 826 826 826 826 826 
480 668 826 826 826 826 826 826 826 826 826 826 826 826 826 826 826 826 826 826 
497 165 826 826 826 826 826 826 826 826 826 826 826 826 826 826 826 826 826 826 
8 165 826 826 826 826 826 826 826 826 826 826 826 826 826 826 826 826 826 826 
70 524 826 826 826 826 826 826 826 826 826 826 826 826 826 826 826 826 826 826 
402 524 826 826 826 826 826 826 826 826 826 826 826 826 826 826 826 826 826 826 
284 254 826 826 826 826 826 826 826 826 826 826 826 826 826 826 826 826 826 826 
457 254 826 826 826 826 826 826 826 826 826 826 826 826 826 826 826 826 826 826 
517 42 826 826 826 826 826 826 826 826 826 826 826 826 826 826 826 826 826 826 
308 668 826 826 826 826 826 826 826 826 826 826 826 826 826 826 826 826 826 826 
53 784 826 826 826 826 826 826 826 826 826 826 826 826 826 826 826 826 826 826 
5 165 826 826 826 826 826 826 826 826 826 826 826 826 826 826 826 826 826 826 
684 524 826 826 826 826 826 826 826 826 826 826 826 826 826 826 826 826 826 826 
644 254 826 826 826 826 826 826 826 826 826 826 826 826 826 826 826 826 826 826 
716 524 826 826 826 826 826 826 826 826 826 826 826 826 826 826 826 826 826 826 
326 524 826 826 826 826 826 826 826 826 826 826 826 826 826 826 826 826 826 826 
323 668 826 826 826 826 826 826 826 826 826 826 826 826 826 826 826 826 826 826 
166 668 826 826 826 826 826 826 826 826 826 826 826 826 826 826 826 826 826 826 
793 29 826 826 826 826 826 826 826 826 826 826 826 826 826 826 826 826 826 826 
674 29 826 826 826 826 826 826 826 826 826 826 826 826 826 826 826 826 826 826 
50 29 826 826 826 826 826 826 826 826 826 826 826 826 826 826 826 826 826 826 
687 668 826 826 826 826 826 826 826 826 826 826 826 826 826 826 826 826 826 826 
625 524 826 826 826 826 826 826 826 826 826 826 826 826 826 826 826 826 826 826 
443 668 826 826 826 826 826 826 826 826 826 826 826 826 826 826 826 826 826 826 
363 668 826 826 826 826 826 826 826 826 826 826 826 826 826 826 826 826 826 826 
770 29 826 826 826 826 826 826 826 826 826 826 826 826 826 826 826 826 826 826 
380 784 826 826 826 826 826 826 826 826 826 826 826 826 826 826 826 826 826 826 
251 42 826 826 826 826 826 826 826 826 826 826 826 826 826 826 826 826 826 826 
16 524 826 826 826 826 826 826 826 826 826 826 826 826 826 826 826 826 826 826 
410 165 826 826 826 826 826 826 826 826 826 826 826 826 826 826 826 826 826 826 
756 524 826 826 826 826 826 826 826 826 826 826 826 826 826 826 826 826 826 826 
463 29 826 826 826 826 826 826 826 826 826 826 826 826 826 826 826 826 826 826 
207 42 826 826 826 826 826 826 826 826 826 826 826 826 826 826 826 826 826 826 
788 165 826 826 826 826 826 826 826 826 826 826 826 826 826 826 826 826 826 826 
473 165 826 826 826 826 826 826 826 826 826 826 826 826 826 826 826 826 826 826 
532 524 826 826 826 826 826 826 826 826 826 826 826 826 826 826 826 826 826 826 
246 165 826 826 826 826 826 826 826 826 826 826 826 826 826 826 826 826 826 826 
80 524 826 826 826 826 826 826 826 826 826 826 826 826 826 826 826 826 826 826 
239 668 826 826 826 826 826 826 826 826 826 826 826 826 826 826 826 826 826 826 
576 42 826 826 826 826 826 826 826 826 826 826 826 826 826 826 826 826 826 826 
728 784 826 826 826 826 826 826 826 826 826 826 826 826 826 826 826 826 826 826 
538 784 826 826 826 826 826 826 826 826 826 826 826 826 826 826 826 826 826 826 
345 668 826 826 826 826 826 826 826 826 826 826 826 826 826 826 826 826 826 826 
795 524 826 826 826 826 826 826 826 826 826 826 826 826 826 826 826 826 826 826 
99 668 826 826 826 826 826 826 826 826 826 826 826 826 826 826 826 826 826 826 
607 668 826 826 826 826 826 826 826 826 826 826 826 826 826 826 826 826 826 826 
496 524 826 826 826 826 826 826 826 826 826 826 826 826 826 826 826 826 826 826 
174 42 826 826 826 826 826 826 826 826 826 826 826 826 826 826 826 826 826 826 
279 42 826 826 826 826 826 826 826 826 826 826 826 826 826 826 826 826 826 826 
72 29 826 826 826 826 826 826 826 826 826 826 826 826 826 826 826 826 826 826 
43 29 826 826 826 826 826 826 826 826 826 826 826 826 826 826 826 826 826 826 
185 784 826 826 826 826 826 826 826 826 826 826 826 826 826 826 826 826 826 826 
723 784 826 826 826 826 826 826 826 826 826 826 826 826 826 826 826 826 826 826 
694 42 826 826 826 826 826 826 826 826 826 826 826 826 826 826 826 826 826 826 
116 42 826 826 826 826 826 826 826 826 826 826 826 826 826 826 826 826 826 826 
814 668 826 826 826 826 826 826 826 826 826 826 826 826 826 826 826 826 826 826 
752 42 826 826 826 826 826 826 826 826 826 826 826 826 826 826 826 826 826 826 
321 165 826 826 826 826 826 826 826 826 826 826 826 826 826 826 826 826 826 826 
713 42 826 826 826 826 826 826 826 826 826 826 826 826 826 826 826 826 826 826 
146 254 826 826 826 826 826 826 826 826 826 826 826 826 826 826 826 826 826 826 
250 254 826 826 826 826 826 826 826 826 826 826 826 826 826 826 826 826 826 826 
0 254 826 826 826 826 826 826 826 826 826 826 826 826 826 826 826 826 826 826 
299 254 826 826 826 826 826 826 826 826 826 826 826 826 826 826 826 826 826 826 
236 254 826 826 826 826 826 826 826 826 826 826 826 826 826 826 826 826 826 826 
638 254 826 826 826 826 826 826 826 826 826 826 826 826 826 826 826 826 826 826 
19 254 826 826 826 826 826 826 826 826 826 826 826 826 826 826 826 826 826 826 
575 29 826 826 826 826 826 826 826 826 826 826 826 826 826 826 826 826 826 826 
285 29 826 826 826 826 826 826 826 826 826 826 826 826 826 826 826 826 826 826 
357 668 826 826 826 826 826 826 826 826 826 826 826 826 826 826 826 826 826 826 
114 668 826 826 826 826 826 826 826 826 826 826 826 826 826 826 826 826 826 826 
627 524 826 826 826 826 826 826 826 826 826 826 826 826 826 826 826 826 826 826 
243 668 826 826 826 826 826 826 826 826 826 826 826 826 826 826 826 826 826 826 
748 668 826 826 826 826 826 826 826 826 826 826 826 826 826 826 826 826 826 826 
464 524 826 826 826 826 826 826 826 826 826 826 826 826 826 826 826 826 826 826 
216 524 826 826 826 826 826 826 826 826 826 826 826 826 826 826 826 826 826 826 
240 524 826 826 826 826 826 826 826 826 826 826 826 826 826 826 826 826 826 826 
440 165 826 826 826 826 826 826 826 826 826 826 826 826 826 826 826 826 826 826 
303 42 826 826 826 826 826 826 826 826 826 826 826 826 826 826 826 826 826 826 
130 42 826 826 826 826 826 826 826 826 826 826 826 826 826 826 826 826 826 826 
151 668 826 826 826 826 826 826 826 826 826 826 826 826 826 826 826 826 826 826 
35 42 826 826 826 826 826 826 826 826 826 826 826 826 826 826 826 826 826 826 
52 165 826 826 826 826 826 826 826 826 826 826 826 826 826 826 826 826 826 826 
227 165 826 826 826 826 826 826 826 826 826 826 826 826 826 826 826 826 826 826 
505 524 826 826 826 826 826 826 826 826 826 826 826 826 826 826 826 826 826 826 
685 165 826 826 826 826 826 826 826 826 826 826 826 826 826 826 826 826 826 826 
275 165 826 826 826 826 826 826 826 826 826 826 826 826 826 826 826 826 826 826 
664 524 826 826 826 826 826 826 826 826 826 826 826 826 826 826 826 826 826 826 
24 524 826 826 826 826 826 826 826 826 826 826 826 826 826 826 826 826 826 826 
577 784 826 826 826 826 826 826 826 826 826 826 826 826 826 826 826 826 826 826 
680 254 826 826 826 826 826 826 826 826 826 826 826 826 826 826 826 826 826 826 
20 254 826 826 826 826 826 826 826 826 826 826 826 826 826 826 826 826 826 826 
807 165 826 826 826 826 826 826 826 826 826 826 826 826 826 826 826 826 826 826 
15 165 826 826 826 826 826 826 826 826 826 826 826 826 826 826 826 826 826 826 
482 524 826 826 826 826 826 826 826 826 826 826 826 826 826 826 826 826 826 826 
352 524 826 826 826 826 826 826 826 826 826 826 826 826 826 826 826 826 826 826 
346 784 826 826 826 826 826 826 826 826 826 826 826 826 826 826 826 826 826 826 
92 784 826 826 826 826 826 826 826 826 826 826 826 826 826 826 826 826 826 826 
108 784 826 826 826 826 826 826 826 826 826 826 826 826 826 826 826 826 826 826 
213 668 826 826 826 826 826 826 826 826 826 826 826 826 826 826 826 826 826 826 
281 29 826 826 826 826 826 826 826 826 826 826 826 826 826 826 826 826 826 826 
381 29 826 826 826 826 826 826 826 826 826 826 826 826 826 826 826 826 826 826 
514 42 826 826 826 826 826 826 826 826 826 826 826 826 826 826 826 826 826 826 
2 668 826 826 826 826 826 826 826 826 826 826 826 826 826 826 826 826 826 826 
702 42 826 826 826 826 826 826 826 826 826 826 826 826 826 826 826 826 826 826 
600 668 826 826 826 826 826 826 826 826 826 826 826 826 826 826 826 826 826 826 
613 668 826 826 826 826 826 826 826 826 826 826 826 826 826 826 826 826 826 826 
270 784 826 826 826 826 826 826 826 826 826 826 826 826 826 826 826 826 826 826 
265 668 826 826 826 826 826 826 826 826 826 826 826 826 826 826 826 826 826 826 
119 668 826 826 826 826 826 826 826 826 826 826 826 826 826 826 826 826 826 826 
401 42 826 826 826 826 826 826 826 826 826 826 826 826 826 826 826 826 826 826 
742 784 826 826 826 826 826 826 826 826 826 826 826 826 826 826 826 826 826 826 
163 524 826 826 826 826 826 826 826 826 826 826 826 826 826 826 826 826 826 826 
656 784 826 826 826 826 826 826 826 826 826 826 826 826 826 826 826 826 826 826 
452 29 826 826 826 826 826 826 826 826 826 826 826 826 826 826 826 826 826 826 
635 29 826 826 826 826 826 826 826 826 826 826 826 826 826 826 826 826 826 826 
36 29 826 826 826 826 826 826 826 826 826 826 826 826 826 826 826 826 826 826 
506 254 826 826 826 826 826 826 826 826 826 826 826 826 826 826 826 826 826 826 
58 165 826 826 826 826 826 826 826 826 826 826 826 826 826 826 826 826 826 826 
465 165 826 826 826 826 826 826 826 826 826 826 826 826 826 826 826 826 826 826 
420 524 826 826 826 826 826 826 826 826 826 826 826 826 826 826 826 826 826 826 
771 524 826 826 826 826 826 826 826 826 826 826 826 826 826 826 826 826 826 826 
341 524 826 826 826 826 826 826 826 826 826 826 826 826 826 826 826 826 826 826 
257 524 826 826 826 826 826 826 826 826 826 826 826 826 826 826 826 826 826 826 
394 668 826 826 826 826 826 826 826 826 826 826 826 826 826 826 826 826 826 826 
86 42 826 826 826 826 826 826 826 826 826 826 826 826 826 826 826 826 826 826 
186 42 826 826 826 826 826 826 826 826 826 826 826 826 826 826 826 826 826 826 
148 668 826 826 826 826 826 826 826 826 826 826 826 826 826 826 826 826 826 826 
537 254 826 826 826 826 826 826 826 826 826 826 826 826 826 826 826 826 826 826 
353 254 826 826 826 826 826 826 826 826 826 826 826 826 826 826 826 826 826 826 
707 524 826 826 826 826 826 826 826 826 826 826 826 826 826 826 826 826 826 826 
39 524 826 826 826 826 826 826 826 826 826 826 826 826 826 826 826 826 826 826 
602 165 826 826 826 826 826 826 826 826 826 826 826 826 826 826 826 826 826 826 
161 668 826 826 826 826 826 826 826 826 826 826 826 826 826 826 826 826 826 826 
118 784 826 826 826 826 826 826 826 826 826 826 826 826 826 826 826 826 826 826 
609 29 826 826 826 826 826 826 826 826 826 826 826 826 826 826 826 826 826 826 
312 668 826 826 826 826 826 826 826 826 826 826 826 826 826 826 826 826 826 826 
494 668 826 826 826 826 826 826 826 826 826 826 826 826 826 826 826 826 826 826 
197 42 826 826 826 826 826 826 826 826 826 826 826 826 826 826 826 826 826 826 
215 668 826 826 826 826 826 826 826 826 826 826 826 826 826 826 826 826 826 826 
683 668 826 826 826 826 826 826 826 826 826 826 826 826 826 826 826 826 826 826 
458 165 826 826 826 826 826 826 826 826 826 826 826 826 826 826 826 826 826 826 
140 165 826 826 826 826 826 826 826 826 826 826 826 826 826 826 826 826 826 826 
68 524 826 826 826 826 826 826 826 826 826 826 826 826 826 826 826 826 826 826 
619 165 826 826 826 826 826 826 826 826 826 826 826 826 826 826 826 826 826 826 
585 254 826 826 826 826 826 826 826 826 826 826 826 826 826 826 826 826 826 826 
366 668 826 826 826 826 826 826 826 826 826 826 826 826 826 826 826 826 826 826 
554 668 826 826 826 826 826 826 826 826 826 826 826 826 826 826 826 826 826 826 
396 668 826 826 826 826 826 826 826 826 826 826 826 826 826 826 826 826 826 826 
396 668 826 826 826 826 826 826 826 826 826 826 826 826 826 826 826 826 826 826 
661 165 826 826 826 826 826 826 826 826 826 826 826 826 826 826 826 826 826 826 
758 254 826 826 826 826 826 826 826 826 826 826 826 826 826 826 826 826 826 826 
690 42 826 826 826 826 826 826 826 826 826 826 826 826 826 826 826 826 826 826 
295 42 826 826 826 826 826 826 826 826 826 826 826 826 826 826 826 826 826 826 
652 524 826 826 826 826 826 826 826 826 826 826 826 826 826 826 826 826 826 826 
411 524 826 826 826 826 826 826 826 826 826 826 826 826 826 826 826 826 826 826 
327 524 826 826 826 826 826 826 826 826 826 826 826 826 826 826 826 826 826 826 
561 524 826 826 826 826 826 826 826 826 826 826 826 826 826 826 826 826 826 826 
237 524 826 826 826 826 826 826 826 826 826 826 826 826 826 826 826 826 826 826 
141 42 826 826 826 826 826 826 826 826 826 826 826 826 826 826 826 826 826 826 
720 668 826 826 826 826 826 826 826 826 826 826 826 826 826 826 826 826 826 826 
759 668 826 826 826 826 826 826 826 826 826 826 826 826 826 826 826 826 826 826 
747 29 826 826 826 826 826 826 826 826 826 826 826 826 826 826 826 826 826 826 
512 29 826 826 826 826 826 826 826 826 826 826 826 826 826 826 826 826 826 826 
429 42 826 826 826 826 826 826 826 826 826 826 826 826 826 826 826 826 826 826 
297 524 826 826 826 826 826 826 826 826 826 826 826 826 826 826 826 826 826 826 
689 165 826 826 826 826 826 826 826 826 826 826 826 826 826 826 826 826 826 826 
703 165 826 826 826 826 826 826 826 826 826 826 826 826 826 826 826 826 826 826 
263 29 826 826 826 826 826 826 826 826 826 826 826 826 826 826 826 826 826 826 
445 524 826 826 826 826 826 826 826 826 826 826 826 826 826 826 826 826 826 826 
41 668 826 826 826 826 826 826 826 826 826 826 826 826 826 826 826 826 826 826 
779 668 826 826 826 826 826 826 826 826 826 826 826 826 826 826 826 826 826 826 
18 524 826 826 826 826 826 826 826 826 826 826 826 826 826 826 826 826 826 826 
261 29 826 826 826 826 826 826 826 826 826 826 826 826 826 826 826 826 826 826 
753 668 826 826 826 826 826 826 826 826 826 826 826 826 826 826 826 826 826 826 
300 668 826 826 826 826 826 826 826 826 826 826 826 826 826 826 826 826 826 826 
232 668 826 826 826 826 826 826 826 826 826 826 826 826 826 826 826 826 826 826 
725 165 826 826 826 826 826 826 826 826 826 826 826 826 826 826 826 826 826 826 
335 524 826 826 826 826 826 826 826 826 826 826 826 826 826 826 826 826 826 826 
489 524 826 826 826 826 826 826 826 826 826 826 826 826 826 826 826 826 826 826 
164 524 826 826 826 826 826 826 826 826 826 826 826 826 826 826 826 826 826 826 
61 165 826 826 826 826 826 826 826 826 826 826 826 826 826 826 826 826 826 826 
218 524 826 826 826 826 826 826 826 826 826 826 826 826 826 826 826 826 826 826 
282 42 826 826 826 826 826 826 826 826 826 826 826 826 826 826 826 826 826 826 
313 29 826 826 826 826 826 826 826 826 826 826 826 826 826 826 826 826 826 826 
424 29 826 826 826 826 826 826 826 826 826 826 826 826 826 826 826 826 826 826 
228 668 826 826 826 826 826 826 826 826 826 826 826 826 826 826 826 826 826 826 
369 165 826 826 826 826 826 826 826 826 826 826 826 826 826 826 826 826 826 826 
474 524 826 826 826 826 826 826 826 826 826 826 826 826 826 826 826 826 826 826 
33 668 826 826 826 826 826 826 826 826 826 826 826 826 826 826 826 826 826 826 
171 524 826 826 826 826 826 826 826 826 826 826 826 826 826 826 826 826 826 826 
408 668 826 826 826 826 826 826 826 826 826 826 826 826 826 826 826 826 826 826 
817 668 826 826 826 826 826 826 826 826 826 826 826 826 826 826 826 826 826 826 
531 668 826 826 826 826 826 826 826 826 826 826 826 826 826 826 826 826 826 826 
522 524 826 826 826 826 826 826 826 826 826 826 826 826 826 826 826 826 826 826 
446 524 826 826 826 826 826 826 826 826 826 826 826 826 826 826 826 826 826 826 
544 524 826 826 826 826 826 826 826 826 826 826 826 826 826 826 826 826 826 826 
578 668 826 826 826 826 826 826 826 826 826 826 826 826 826 826 826 826 826 826 
714 524 826 826 826 826 826 826 826 826 826 826 826 826 826 826 826 826 826 826 
200 524 826 826 826 826 826 826 826 826 826 826 826 826 826 826 826 826 826 826 
28 524 826 826 826 826 826 826 826 826 826 826 826 826 826 826 826 826 826 826 
672 29 826 826 826 826 826 826 826 826 826 826 826 826 826 826 826 826 826 826 
27 524 826 826 826 826 826 826 826 826 826 826 826 826 826 826 826 826 826 826 
504 524 826 826 826 826 826 826 826 826 826 826 826 826 826 826 826 826 826 826 
744 524 826 826 826 826 826 826 826 826 826 826 826 826 826 826 826 826 826 826 
428 524 826 826 826 826 826 826 826 826 826 826 826 826 826 826 826 826 826 826 
306 524 826 826 826 826 826 826 826 826 826 826 826 826 826 826 826 826 826 826 
631 254 826 826 826 826 826 826 826 826 826 826 826 826 826 826 826 826 826 826 
657 524 826 826 826 826 826 826 826 826 826 826 826 826 826 826 826 826 826 826 
274 165 826 826 826 826 826 826 826 826 826 826 826 826 826 826 826 826 826 826 
425 165 826 826 826 826 826 826 826 826 826 826 826 826 826 826 826 826 826 826 
470 165 826 826 826 826 826 826 826 826 826 826 826 826 826 826 826 826 826 826 
550 254 826 826 826 826 826 826 826 826 826 826 826 826 826 826 826 826 826 826 
637 254 826 826 826 826 826 826 826 826 826 826 826 826 826 826 826 826 826 826 
669 254 826 826 826 826 826 826 826 826 826 826 826 826 826 826 826 826 826 826 
629 668 826 826 826 826 826 826 826 826 826 826 826 826 826 826 826 826 826 826 
191 524 826 826 826 826 826 826 826 826 826 826 826 826 826 826 826 826 826 826 
582 524 826 826 826 826 826 826 826 826 826 826 826 826 826 826 826 826 826 826 
658 524 826 826 826 826 826 826 826 826 826 826 826 826 826 826 826 826 826 826 
633 524 826 826 826 826 826 826 826 826 826 826 826 826 826 826 826 826 826 826 
244 784 826 826 826 826 826 826 826 826 826 826 826 826 826 826 826 826 826 826 
331 784 826 826 826 826 826 826 826 826 826 826 826 826 826 826 826 826 826 826 
206 524 826 826 826 826 826 826 826 826 826 826 826 826 826 826 826 826 826 826 
71 524 826 826 826 826 826 826 826 826 826 826 826 826 826 826 826 826 826 826 
337 784 826 826 826 826 826 826 826 826 826 826 826 826 826 826 826 826 826 826 
310 668 826 826 826 826 826 826 826 826 826 826 826 826 826 826 826 826 826 826 
223 784 826 826 826 826 826 826 826 826 826 826 826 826 826 826 826 826 826 826 
663 784 826 826 826 826 826 826 826 826 826 826 826 826 826 826 826 826 826 826 
78 42 826 826 826 826 826 826 826 826 826 826 826 826 826 826 826 826 826 826 
413 524 826 826 826 826 826 826 826 826 826 826 826 826 826 826 826 826 826 826 
693 524 826 826 826 826 826 826 826 826 826 826 826 826 826 826 826 826 826 826 
686 784 826 826 826 826 826 826 826 826 826 826 826 826 826 826 826 826 826 826 
81 42 826 826 826 826 826 826 826 826 826 826 826 826 826 826 826 826 826 826 
247 29 826 826 826 826 826 826 826 826 826 826 826 826 826 826 826 826 826 826 
66 29 826 826 826 826 826 826 826 826 826 826 826 826 826 826 826 826 826 826 
152 165 826 826 826 826 826 826 826 826 826 826 826 826 826 826 826 826 826 826 
765 165 826 826 826 826 826 826 826 826 826 826 826 826 826 826 826 826 826 826 
484 668 826 826 826 826 826 826 826 826 826 826 826 826 826 826 826 826 826 826 
789 42 826 826 826 826 826 826 826 826 826 826 826 826 826 826 826 826 826 826 
617 165 826 826 826 826 826 826 826 826 826 826 826 826 826 826 826 826 826 826 
626 165 826 826 826 826 826 826 826 826 826 826 826 826 826 826 826 826 826 826 
654 254 826 826 826 826 826 826 826 826 826 826 826 826 826 826 826 826 826 826 
499 165 826 826 826 826 826 826 826 826 826 826 826 826 826 826 826 826 826 826 
203 784 826 826 826 826 826 826 826 826 826 826 826 826 826 826 826 826 826 826 
726 784 826 826 826 826 826 826 826 826 826 826 826 826 826 826 826 826 826 826 
618 784 826 826 826 826 826 826 826 826 826 826 826 826 826 826 826 826 826 826 
150 42 826 826 826 826 826 826 826 826 826 826 826 826 826 826 826 826 826 826 
555 165 826 826 826 826 826 826 826 826 826 826 826 826 826 826 826 826 826 826 
590 29 826 826 826 826 826 826 826 826 826 826 826 826 826 826 826 826 826 826 
255 29 826 826 826 826 826 826 826 826 826 826 826 826 826 826 826 826 826 826 
347 29 826 826 826 826 826 826 826 826 826 826 826 826 826 826 826 826 826 826 
545 42 826 826 826 826 826 826 826 826 826 826 826 826 826 826 826 826 826 826 
386 784 826 826 826 826 826 826 826 826 826 826 826 826 826 826 826 826 826 826 
608 524 826 826 826 826 826 826 826 826 826 826 826 826 826 826 826 826 826 826 
209 42 826 826 826 826 826 826 826 826 826 826 826 826 826 826 826 826 826 826 
778 42 826 826 826 826 826 826 826 826 826 826 826 826 826 826 826 826 826 826 
535 524 826 826 826 826 826 826 826 826 826 826 826 826 826 826 826 826 826 826 
535 524 826 826 826 826 826 826 826 826 826 826 826 826 826 826 826 826 826 826 
719 524 826 826 826 826 826 826 826 826 826 826 826 826 826 826 826 826 826 826 
562 524 826 826 826 826 826 826 826 826 826 826 826 826 826 826 826 826 826 826 
610 254 826 826 826 826 826 826 826 826 826 826 826 826 826 826 826 826 826 826 
348 254 826 826 826 826 826 826 826 826 826 826 826 826 826 826 826 826 826 826 
516 668 826 826 826 826 826 826 826 826 826 826 826 826 826 826 826 826 826 826 
533 524 826 826 826 826 826 826 826 826 826 826 826 826 826 826 826 826 826 826 
434 668 826 826 826 826 826 826 826 826 826 826 826 826 826 826 826 826 826 826 
307 524 826 826 826 826 826 826 826 826 826 826 826 826 826 826 826 826 826 826 
583 524 826 826 826 826 826 826 826 826 826 826 826 826 826 826 826 826 826 826 
79 524 826 826 826 826 826 826 826 826 826 826 826 826 826 826 826 826 826 826 
406 29 826 826 826 826 826 826 826 826 826 826 826 826 826 826 826 826 826 826 
820 254 826 826 826 826 826 826 826 826 826 826 826 826 826 826 826 826 826 826 
314 254 826 826 826 826 826 826 826 826 826 826 826 826 826 826 826 826 826 826 
435 165 826 826 826 826 826 826 826 826 826 826 826 826 826 826 826 826 826 826 
737 165 826 826 826 826 826 826 826 826 826 826 826 826 826 826 826 826 826 826 
17 42 826 826 826 826 826 826 826 826 826 826 826 826 826 826 826 826 826 826 
800 524 826 826 826 826 826 826 826 826 826 826 826 826 826 826 826 826 826 826 
642 254 826 826 826 826 826 826 826 826 826 826 826 826 826 826 826 826 826 826 
49 254 826 826 826 826 826 826 826 826 826 826 826 826 826 826 826 826 826 826 
623 784 826 826 826 826 826 826 826 826 826 826 826 826 826 826 826 826 826 826 
87 784 826 826 826 826 826 826 826 826 826 826 826 826 826 826 826 826 826 826 
98 784 826 826 826 826 826 826 826 826 826 826 826 826 826 826 826 826 826 826 
682 524 826 826 826 826 826 826 826 826 826 826 826 826 826 826 826 826 826 826 
188 524 826 826 826 826 826 826 826 826 826 826 826 826 826 826 826 826 826 826 
349 524 826 826 826 826 826 826 826 826 826 826 826 826 826 826 826 826 826 826 
691 524 826 826 826 826 826 826 826 826 826 826 826 826 826 826 826 826 826 826 
276 784 826 826 826 826 826 826 826 826 826 826 826 826 826 826 826 826 826 826 
268 784 826 826 826 826 826 826 826 826 826 826 826 826 826 826 826 826 826 826 
650 29 826 826 826 826 826 826 826 826 826 826 826 826 826 826 826 826 826 826 
556 524 826 826 826 826 826 826 826 826 826 826 826 826 826 826 826 826 826 826 
91 524 826 826 826 826 826 826 826 826 826 826 826 826 826 826 826 826 826 826 
492 668 826 826 826 826 826 826 826 826 826 826 826 826 826 826 826 826 826 826 
476 524 826 826 826 826 826 826 826 826 826 826 826 826 826 826 826 826 826 826 
187 784 826 826 826 826 826 826 826 826 826 826 826 826 826 826 826 826 826 826 
527 42 826 826 826 826 826 826 826 826 826 826 826 826 826 826 826 826 826 826 
564 42 826 826 826 826 826 826 826 826 826 826 826 826 826 826 826 826 826 826 
597 524 826 826 826 826 826 826 826 826 826 826 826 826 826 826 826 826 826 826 
587 784 826 826 826 826 826 826 826 826 826 826 826 826 826 826 826 826 826 826 
773 29 826 826 826 826 826 826 826 826 826 826 826 826 826 826 826 826 826 826 
717 524 826 826 826 826 826 826 826 826 826 826 826 826 826 826 826 826 826 826 
780 668 826 826 826 826 826 826 826 826 826 826 826 826 826 826 826 826 826 826 
231 668 826 826 826 826 826 826 826 826 826 826 826 826 826 826 826 826 826 826 
823 165 826 826 826 826 826 826 826 826 826 826 826 826 826 826 826 826 826 826 
395 524 826 826 826 826 826 826 826 826 826 826 826 826 826 826 826 826 826 826 
143 524 826 826 826 826 826 826 826 826 826 826 826 826 826 826 826 826 826 826 
7 524 826 826 826 826 826 826 826 826 826 826 826 826 826 826 826 826 826 826 
358 668 826 826 826 826 826 826 826 826 826 826 826 826 826 826 826 826 826 826 
189 524 826 826 826 826 826 826 826 826 826 826 826 826 826 826 826 826 826 826 
111 524 826 826 826 826 826 826 826 826 826 826 826 826 826 826 826 826 826 826 
760 524 826 826 826 826 826 826 826 826 826 826 826 826 826 826 826 826 826 826 
459 524 826 826 826 826 826 826 826 826 826 826 826 826 826 826 826 826 826 826 
634 524 826 826 826 826 826 826 826 826 826 826 826 826 826 826 826 826 826 826 
733 29 826 826 826 826 826 826 826 826 826 826 826 826 826 826 826 826 826 826 
160 29 826 826 826 826 826 826 826 826 826 826 826 826 826 826 826 826 826 826 
75 524 826 826 826 826 826 826 826 826 826 826 826 826 826 826 826 826 826 826 
103 524 826 826 826 826 826 826 826 826 826 826 826 826 826 826 826 826 826 826 
567 524 826 826 826 826 826 826 826 826 826 826 826 826 826 826 826 826 826 826 
822 668 826 826 826 826 826 826 826 826 826 826 826 826 826 826 826 826 826 826 
628 668 826 826 826 826 826 826 826 826 826 826 826 826 826 826 826 826 826 826 
507 784 826 826 826 826 826 826 826 826 826 826 826 826 826 826 826 826 826 826 
430 524 826 826 826 826 826 826 826 826 826 826 826 826 826 826 826 826 826 826 
10 524 826 826 826 826 826 826 826 826 826 826 826 826 826 826 826 826 826 826 
271 524 826 826 826 826 826 826 826 826 826 826 826 826 826 826 826 826 826 826 
588 29 826 826 826 826 826 826 826 826 826 826 826 826 826 826 826 826 826 826 
388 29 826 826 826 826 826 826 826 826 826 826 826 826 826 826 826 826 826 826 
798 784 826 826 826 826 826 826 826 826 826 826 826 826 826 826 826 826 826 826 
566 784 826 826 826 826 826 826 826 826 826 826 826 826 826 826 826 826 826 826 
679 42 826 826 826 826 826 826 826 826 826 826 826 826 826 826 826 826 826 826 
730 524 826 826 826 826 826 826 826 826 826 826 826 826 826 826 826 826 826 826 
450 524 826 826 826 826 826 826 826 826 826 826 826 826 826 826 826 826 826 826 
612 29 826 826 826 826 826 826 826 826 826 826 826 826 826 826 826 826 826 826 
184 29 826 826 826 826 826 826 826 826 826 826 826 826 826 826 826 826 826 826 
304 29 826 826 826 826 826 826 826 826 826 826 826 826 826 826 826 826 826 826 
302 29 826 826 826 826 826 826 826 826 826 826 826 826 826 826 826 826 826 826 
448 165 826 826 826 826 826 826 826 826 826 826 826 826 826 826 826 826 826 826 
502 524 826 826 826 826 826 826 826 826 826 826 826 826 826 826 826 826 826 826 
787 668 826 826 826 826 826 826 826 826 826 826 826 826 826 826 826 826 826 826 
134 784 826 826 826 826 826 826 826 826 826 826 826 826 826 826 826 826 826 826 
382 784 826 826 826 826 826 826 826 826 826 826 826 826 826 826 826 826 826 826 
761 524 826 826 826 826 826 826 826 826 826 826 826 826 826 826 826 826 826 826 
167 784 826 826 826 826 826 826 826 826 826 826 826 826 826 826 826 826 826 826 
821 42 826 826 826 826 826 826 826 826 826 826 826 826 826 826 826 826 826 826 
821 42 826 826 826 826 826 826 826 826 826 826 826 826 826 826 826 826 826 826 
745 668 826 826 826 826 826 826 826 826 826 826 826 826 826 826 826 826 826 826 
490 668 826 826 826 826 826 826 826 826 826 826 826 826 826 826 826 826 826 826 
283 668 826 826 826 826 826 826 826 826 826 826 826 826 826 826 826 826 826 826 
248 668 826 826 826 826 826 826 826 826 826 826 826 826 826 826 826 826 826 826 
676 524 826 826 826 826 826 826 826 826 826 826 826 826 826 826 826 826 826 826 
486 524 826 826 826 826 826 826 826 826 826 826 826 826 826 826 826 826 826 826 
193 784 826 826 826 826 826 826 826 826 826 826 826 826 826 826 826 826 826 826 
273 784 826 826 826 826 826 826 826 826 826 826 826 826 826 826 826 826 826 826 
568 784 826 826 826 826 826 826 826 826 826 826 826 826 826 826 826 826 826 826 
289 254 826 826 826 826 826 826 826 826 826 826 826 826 826 826 826 826 826 826 
762 784 826 826 826 826 826 826 826 826 826 826 826 826 826 826 826 826 826 826 
772 784 826 826 826 826 826 826 826 826 826 826 826 826 826 826 826 826 826 826 
212 29 826 826 826 826 826 826 826 826 826 826 826 826 826 826 826 826 826 826 
112 29 826 826 826 826 826 826 826 826 826 826 826 826 826 826 826 826 826 826 
264 524 826 826 826 826 826 826 826 826 826 826 826 826 826 826 826 826 826 826 
824 524 826 826 826 826 826 826 826 826 826 826 826 826 826 826 826 826 826 826 
82 668 826 826 826 826 826 826 826 826 826 826 826 826 826 826 826 826 826 826 
547 668 826 826 826 826 826 826 826 826 826 826 826 826 826 826 826 826 826 826 
785 165 826 826 826 826 826 826 826 826 826 826 826 826 826 826 826 826 826 826 
655 524 826 826 826 826 826 826 826 826 826 826 826 826 826 826 826 826 826 826 
598 42 826 826 826 826 826 826 826 826 826 826 826 826 826 826 826 826 826 826 
367 254 826 826 826 826 826 826 826 826 826 826 826 826 826 826 826 826 826 826 
85 668 826 826 826 826 826 826 826 826 826 826 826 826 826 826 826 826 826 826 
569 784 826 826 826 826 826 826 826 826 826 826 826 826 826 826 826 826 826 826 
378 784 826 826 826 826 826 826 826 826 826 826 826 826 826 826 826 826 826 826 
711 784 826 826 826 826 826 826 826 826 826 826 826 826 826 826 826 826 826 826 
54 42 826 826 826 826 826 826 826 826 826 826 826 826 826 826 826 826 826 826 
110 254 826 826 826 826 826 826 826 826 826 826 826 826 826 826 826 826 826 826 
122 524 826 826 826 826 826 826 826 826 826 826 826 826 826 826 826 826 826 826 
322 524 826 826 826 826 826 826 826 826 826 826 826 826 826 826 826 826 826 826 
804 524 826 826 826 826 826 826 826 826 826 826 826 826 826 826 826 826 826 826 
729 524 826 826 826 826 826 826 826 826 826 826 826 826 826 826 826 826 826 826 
433 254 826 826 826 826 826 826 826 826 826 826 826 826 826 826 826 826 826 826 
155 254 826 826 826 826 826 826 826 826 826 826 826 826 826 826 826 826 826 826 
589 524 826 826 826 826 826 826 826 826 826 826 826 826 826 826 826 826 826 826 
579 42 826 826 826 826 826 826 826 826 826 826 826 826 826 826 826 826 826 826 
813 524 826 826 826 826 826 826 826 826 826 826 826 826 826 826 826 826 826 826 
438 524 826 826 826 826 826 826 826 826 826 826 826 826 826 826 826 826 826 826 
84 668 826 826 826 826 826 826 826 826 826 826 826 826 826 826 826 826 826 826 
695 524 826 826 826 826 826 826 826 826 826 826 826 826 826 826 826 826 826 826 
336 668 826 826 826 826 826 826 826 826 826 826 826 826 826 826 826 826 826 826 
199 165 826 826 826 826 826 826 826 826 826 826 826 826 826 826 826 826 826 826 
258 784 826 826 826 826 826 826 826 826 826 826 826 826 826 826 826 826 826 826 
643 165 826 826 826 826 826 826 826 826 826 826 826 826 826 826 826 826 826 826 
782 42 826 826 826 826 826 826 826 826 826 826 826 826 826 826 826 826 826 826 
722 668 826 826 826 826 826 826 826 826 826 826 826 826 826 826 826 826 826 826 
210 524 826 826 826 826 826 826 826 826 826 826 826 826 826 826 826 826 826 826 
487 668 826 826 826 826 826 826 826 826 826 826 826 826 826 826 826 826 826 826 
135 668 826 826 826 826 826 826 826 826 826 826 826 826 826 826 826 826 826 826 
603 668 826 826 826 826 826 826 826 826 826 826 826 826 826 826 826 826 826 826 
645 524 826 826 826 826 826 826 826 826 826 826 826 826 826 826 826 826 826 826 
699 784 826 826 826 826 826 826 826 826 826 826 826 826 826 826 826 826 826 826 
651 784 826 826 826 826 826 826 826 826 826 826 826 826 826 826 826 826 826 826 
399 254 826 826 826 826 826 826 826 826 826 826 826 826 826 826 826 826 826 826 
293 254 826 826 826 826 826 826 826 826 826 826 826 826 826 826 826 826 826 826 
456 29 826 826 826 826 826 826 826 826 826 826 826 826 826 826 826 826 826 826 
182 524 826 826 826 826 826 826 826 826 826 826 826 826 826 826 826 826 826 826 
123 524 826 826 826 826 826 826 826 826 826 826 826 826 826 826 826 826 826 826 
95 524 826 826 826 826 826 826 826 826 826 826 826 826 826 826 826 826 826 826 
183 668 826 826 826 826 826 826 826 826 826 826 826 826 826 826 826 826 826 826 
338 165 826 826 826 826 826 826 826 826 826 826 826 826 826 826 826 826 826 826 
808 42 826 826 826 826 826 826 826 826 826 826 826 826 826 826 826 826 826 826 
365 524 826 826 826 826 826 826 826 826 826 826 826 826 826 826 826 826 826 826 
124 42 826 826 826 826 826 826 826 826 826 826 826 826 826 826 826 826 826 826 
371 524 826 826 826 826 826 826 826 826 826 826 826 826 826 826 826 826 826 826 
715 524 826 826 826 826 826 826 826 826 826 826 826 826 826 826 826 826 826 826 
509 42 826 826 826 826 826 826 826 826 826 826 826 826 826 826 826 826 826 826 
407 42 826 826 826 826 826 826 826 826 826 826 826 826 826 826 826 826 826 826 
375 524 826 826 826 826 826 826 826 826 826 826 826 826 826 826 826 826 826 826 
670 524 826 826 826 826 826 826 826 826 826 826 826 826 826 826 826 826 826 826 
93 524 826 826 826 826 826 826 826 826 826 826 826 826 826 826 826 826 826 826 
697 668 826 826 826 826 826 826 826 826 826 826 826 826 826 826 826 826 826 826 
69 524 826 826 826 826 826 826 826 826 826 826 826 826 826 826 826 826 826 826 
113 524 826 826 826 826 826 826 826 826 826 826 826 826 826 826 826 826 826 826 
776 524 826 826 826 826 826 826 826 826 826 826 826 826 826 826 826 826 826 826 
333 668 826 826 826 826 826 826 826 826 826 826 826 826 826 826 826 826 826 826 
700 668 826 826 826 826 826 826 826 826 826 826 826 826 826 826 826 826 826 826 
735 668 826 826 826 826 826 826 826 826 826 826 826 826 826 826 826 826 826 826 
431 42 826 826 826 826 826 826 826 826 826 826 826 826 826 826 826 826 826 826 
230 42 826 826 826 826 826 826 826 826 826 826 826 826 826 826 826 826 826 826 
592 524 826 826 826 826 826 826 826 826 826 826 826 826 826 826 826 826 826 826 
195 42 826 826 826 826 826 826 826 826 826 826 826 826 826 826 826 826 826 826 
681 668 826 826 826 826 826 826 826 826 826 826 826 826 826 826 826 826 826 826 
153 524 826 826 826 826 826 826 826 826 826 826 826 826 826 826 826 826 826 826 
370 524 826 826 826 826 826 826 826 826 826 826 826 826 826 826 826 826 826 826 
471 668 826 826 826 826 826 826 826 826 826 826 826 826 826 826 826 826 826 826 
38 784 826 826 826 826 826 826 826 826 826 826 826 826 826 826 826 826 826 826 
540 254 826 826 826 826 826 826 826 826 826 826 826 826 826 826 826 826 826 826 
595 254 826 826 826 826 826 826 826 826 826 826 826 826 826 826 826 826 826 826 
510 524 826 826 826 826 826 826 826 826 826 826 826 826 826 826 826 826 826 826 
334 165 826 826 826 826 826 826 826 826 826 826 826 826 826 826 826 826 826 826 
466 165 826 826 826 826 826 826 826 826 826 826 826 826 826 826 826 826 826 826 
286 668 826 826 826 826 826 826 826 826 826 826 826 826 826 826 826 826 826 826 
404 524 826 826 826 826 826 826 826 826 826 826 826 826 826 826 826 826 826 826 
622 524 826 826 826 826 826 826 826 826 826 826 826 826 826 826 826 826 826 826 
518 165 826 826 826 826 826 826 826 826 826 826 826 826 826 826 826 826 826 826 
553 165 826 826 826 826 826 826 826 826 826 826 826 826 826 826 826 826 826 826 
755 165 826 826 826 826 826 826 826 826 826 826 826 826 826 826 826 826 826 826 
573 524 826 826 826 826 826 826 826 826 826 826 826 826 826 826 826 826 826 826 
162 668 826 826 826 826 826 826 826 826 826 826 826 826 826 826 826 826 826 826 
529 668 826 826 826 826 826 826 826 826 826 826 826 826 826 826 826 826 826 826 
736 524 826 826 826 826 826 826 826 826 826 826 826 826 826 826 826 826 826 826 
97 524 826 826 826 826 826 826 826 826 826 826 826 826 826 826 826 826 826 826 
794 524 826 826 826 826 826 826 826 826 826 826 826 826 826 826 826 826 826 826 
521 42 826 826 826 826 826 826 826 826 826 826 826 826 826 826 826 826 826 826 
632 668 826 826 826 826 826 826 826 826 826 826 826 826 826 826 826 826 826 826 
519 668 826 826 826 826 826 826 826 826 826 826 826 826 826 826 826 826 826 826 
328 668 826 826 826 826 826 826 826 826 826 826 826 826 826 826 826 826 826 826 
168 524 826 826 826 826 826 826 826 826 826 826 826 826 826 826 826 826 826 826 
586 42 826 826 826 826 826 826 826 826 826 826 826 826 826 826 826 826 826 826 
541 29 826 826 826 826 826 826 826 826 826 826 826 826 826 826 826 826 826 826 
343 254 826 826 826 826 826 826 826 826 826 826 826 826 826 826 826 826 826 826 
557 524 826 826 826 826 826 826 826 826 826 826 826 826 826 826 826 826 826 826 
615 784 826 826 826 826 826 826 826 826 826 826 826 826 826 826 826 826 826 826 
60 42 826 826 826 826 826 826 826 826 826 826 826 826 826 826 826 826 826 826 
412 165 826 826 826 826 826 826 826 826 826 826 826 826 826 826 826 826 826 826 
252 29 826 826 826 826 826 826 826 826 826 826 826 826 826 826 826 826 826 826 
101 524 826 826 826 826 826 826 826 826 826 826 826 826 826 826 826 826 826 826 
305 668 826 826 826 826 826 826 826 826 826 826 826 826 826 826 826 826 826 826 
129 668 826 826 826 826 826 826 826 826 826 826 826 826 826 826 826 826 826 826 
560 254 826 826 826 826 826 826 826 826 826 826 826 826 826 826 826 826 826 826 
373 165 826 826 826 826 826 826 826 826 826 826 826 826 826 826 826 826 826 826 
127 668 826 826 826 826 826 826 826 826 826 826 826 826 826 826 826 826 826 826 
498 668 826 826 826 826 826 826 826 826 826 826 826 826 826 826 826 826 826 826 
731 668 826 826 826 826 826 826 826 826 826 826 826 826 826 826 826 826 826 826 
515 668 826 826 826 826 826 826 826 826 826 826 826 826 826 826 826 826 826 826 
727 524 826 826 826 826 826 826 826 826 826 826 826 826 826 826 826 826 826 826 
280 254 826 826 826 826 826 826 826 826 826 826 826 826 826 826 826 826 826 826 
51 524 826 826 826 826 826 826 826 826 826 826 826 826 826 826 826 826 826 826 
11 524 826 826 826 826 826 826 826 826 826 826 826 826 826 826 826 826 826 826 
219 524 826 826 826 826 826 826 826 826 826 826 826 826 826 826 826 826 826 826 
825 524 826 826 826 826 826 826 826 826 826 826 826 826 826 826 826 826 826 826 
169 29 826 826 826 826 826 826 826 826 826 826 826 826 826 826 826 826 826 826 
235 29 826 826 826 826 826 826 826 826 826 826 826 826 826 826 826 826 826 826 
389 784 826 826 826 826 826 826 826 826 826 826 826 826 826 826 826 826 826 826 
477 784 826 826 826 826 826 826 826 826 826 826 826 826 826 826 826 826 826 826 
763 668 826 826 826 826 826 826 826 826 826 826 826 826 826 826 826 826 826 826 
442 668 826 826 826 826 826 826 826 826 826 826 826 826 826 826 826 826 826 826 
542 42 826 826 826 826 826 826 826 826 826 826 826 826 826 826 826 826 826 826 
311 254 826 826 826 826 826 826 826 826 826 826 826 826 826 826 826 826 826 826 
287 254 826 826 826 826 826 826 826 826 826 826 826 826 826 826 826 826 826 826 
526 784 826 826 826 826 826 826 826 826 826 826 826 826 826 826 826 826 826 826 
266 254 826 826 826 826 826 826 826 826 826 826 826 826 826 826 826 826 826 826 
362 668 826 826 826 826 826 826 826 826 826 826 826 826 826 826 826 826 826 826 
500 165 826 826 826 826 826 826 826 826 826 826 826 826 826 826 826 826 826 826 
14 524 826 826 826 826 826 826 826 826 826 826 826 826 826 826 826 826 826 826 
136 165 826 826 826 826 826 826 826 826 826 826 826 826 826 826 826 826 826 826 
76 784 826 826 826 826 826 826 826 826 826 826 826 826 826 826 826 826 826 826 
315 784 826 826 826 826 826 826 826 826 826 826 826 826 826 826 826 826 826 826 
364 524 826 826 826 826 826 826 826 826 826 826 826 826 826 826 826 826 826 826 
665 524 826 826 826 826 826 826 826 826 826 826 826 826 826 826 826 826 826 826 
368 524 826 826 826 826 826 826 826 826 826 826 826 826 826 826 826 826 826 826 
803 524 826 826 826 826 826 826 826 826 826 826 826 826 826 826 826 826 826 826 
818 524 826 826 826 826 826 826 826 826 826 826 826 826 826 826 826 826 826 826 
379 784 826 826 826 826 826 826 826 826 826 826 826 826 826 826 826 826 826 826 
750 42 826 826 826 826 826 826 826 826 826 826 826 826 826 826 826 826 826 826 
392 668 826 826 826 826 826 826 826 826 826 826 826 826 826 826 826 826 826 826 
479 42 826 826 826 826 826 826 826 826 826 826 826 826 826 826 826 826 826 826 
142 254 826 826 826 826 826 826 826 826 826 826 826 826 826 826 826 826 826 826 
272 784 826 826 826 826 826 826 826 826 826 826 826 826 826 826 826 826 826 826 
359 165 826 826 826 826 826 826 826 826 826 826 826 826 826 826 826 826 826 826 
558 524 826 826 826 826 826 826 826 826 826 826 826 826 826 826 826 826 826 826 
819 524 826 826 826 826 826 826 826 826 826 826 826 826 826 826 826 826 826 826 
115 524 826 826 826 826 826 826 826 826 826 826 826 826 826 826 826 826 826 826 
423 668 826 826 826 826 826 826 826 826 826 826 826 826 826 826 826 826 826 826 
6 784 826 826 826 826 826 826 826 826 826 826 826 826 826 826 826 826 826 826 
26 254 826 826 826 826 826 826 826 826 826 826 826 826 826 826 826 826 826 826 
31 254 826 826 826 826 826 826 826 826 826 826 826 826 826 826 826 826 826 826 
710 668 826 826 826 826 826 826 826 826 826 826 826 826 826 826 826 826 826 826 
790 165 826 826 826 826 826 826 826 826 826 826 826 826 826 826 826 826 826 826 
238 165 826 826 826 826 826 826 826 826 826 826 826 826 826 826 826 826 826 826 
475 524 826 826 826 826 826 826 826 826 826 826 826 826 826 826 826 826 826 826 
640 29 826 826 826 826 826 826 826 826 826 826 826 826 826 826 826 826 826 826 
242 524 826 826 826 826 826 826 826 826 826 826 826 826 826 826 826 826 826 826 
102 42 826 826 826 826 826 826 826 826 826 826 826 826 826 826 826 826 826 826 
1 524 826 826 826 826 826 826 826 826 826 826 826 826 826 826 826 826 826 826 
175 524 826 826 826 826 826 826 826 826 826 826 826 826 826 826 826 826 826 826 
96 165 826 826 826 826 826 826 826 826 826 826 826 826 826 826 826 826 826 826 
138 42 826 826 826 826 826 826 826 826 826 826 826 826 826 826 826 826 826 826 
548 42 826 826 826 826 826 826 826 826 826 826 826 826 826 826 826 826 826 826 
570 42 826 826 826 826 826 826 826 826 826 826 826 826 826 826 826 826 826 826 
811 42 826 826 826 826 826 826 826 826 826 826 826 826 826 826 826 826 826 826 
294 668 826 826 826 826 826 826 826 826 826 826 826 826 826 826 826 826 826 826 
3 524 826 826 826 826 826 826 826 826 826 826 826 826 826 826 826 826 826 826 
712 524 826 826 826 826 826 826 826 826 826 826 826 826 826 826 826 826 826 826 
46 165 826 826 826 826 826 826 826 826 826 826 826 826 826 826 826 826 826 826 
340 668 826 826 826 826 826 826 826 826 826 826 826 826 826 826 826 826 826 826 
551 668 826 826 826 826 826 826 826 826 826 826 826 826 826 826 826 826 826 826 
350 668 826 826 826 826 826 826 826 826 826 826 826 826 826 826 826 826 826 826 
190 524 826 826 826 826 826 826 826 826 826 826 826 826 826 826 826 826 826 826 
606 784 826 826 826 826 826 826 826 826 826 826 826 826 826 826 826 826 826 826 
454 42 826 826 826 826 826 826 826 826 826 826 826 826 826 826 826 826 826 826 
483 165 826 826 826 826 826 826 826 826 826 826 826 826 826 826 826 826 826 826 
743 668 826 826 826 826 826 826 826 826 826 826 826 826 826 826 826 826 826 826 
528 668 826 826 826 826 826 826 826 826 826 826 826 826 826 826 826 826 826 826 
666 784 826 826 826 826 826 826 826 826 826 826 826 826 826 826 826 826 826 826 
157 784 826 826 826 826 826 826 826 826 826 826 826 826 826 826 826 826 826 826 
432 784 826 826 826 826 826 826 826 826 826 826 826 826 826 826 826 826 826 826 
88 524 826 826 826 826 826 826 826 826 826 826 826 826 826 826 826 826 826 826 
754 668 826 826 826 826 826 826 826 826 826 826 826 826 826 826 826 826 826 826 
181 29 826 826 826 826 826 826 826 826 826 826 826 826 826 826 826 826 826 826 
47 29 826 826 826 826 826 826 826 826 826 826 826 826 826 826 826 826 826 826 
481 42 826 826 826 826 826 826 826 826 826 826 826 826 826 826 826 826 826 826 
383 784 826 826 826 826 826 826 826 826 826 826 826 826 826 826 826 826 826 826 
339 668 826 826 826 826 826 826 826 826 826 826 826 826 826 826 826 826 826 826 
530 668 826 826 826 826 826 826 826 826 826 826 826 826 826 826 826 826 826 826 
131 784 826 826 826 826 826 826 826 826 826 826 826 826 826 826 826 826 826 826 
319 784 826 826 826 826 826 826 826 826 826 826 826 826 826 826 826 826 826 826 
696 524 826 826 826 826 826 826 826 826 826 826 826 826 826 826 826 826 826 826 
117 524 826 826 826 826 826 826 826 826 826 826 826 826 826 826 826 826 826 826 
493 254 826 826 826 826 826 826 826 826 826 826 826 826 826 826 826 826 826 826 
721 254 826 826 826 826 826 826 826 826 826 826 826 826 826 826 826 826 826 826 
211 524 826 826 826 826 826 826 826 826 826 826 826 826 826 826 826 826 826 826 
355 42 826 826 826 826 826 826 826 826 826 826 826 826 826 826 826 826 826 826 
636 668 826 826 826 826 826 826 826 826 826 826 826 826 826 826 826 826 826 826 
478 524 826 826 826 826 826 826 826 826 826 826 826 826 826 826 826 826 826 826 
397 524 826 826 826 826 826 826 826 826 826 826 826 826 826 826 826 826 826 826 
421 524 826 826 826 826 826 826 826 826 826 826 826 826 826 826 826 826 826 826 
296 524 826 826 826 826 826 826 826 826 826 826 826 826 826 826 826 826 826 826 
667 42 826 826 826 826 826 826 826 826 826 826 826 826 826 826 826 826 826 826 
32 524 826 826 826 826 826 826 826 826 826 826 826 826 826 826 826 826 826 826 
546 524 826 826 826 826 826 826 826 826 826 826 826 826 826 826 826 826 826 826 
563 524 826 826 826 826 826 826 826 826 826 826 826 826 826 826 826 826 826 826 
316 29 826 826 826 826 826 826 826 826 826 826 826 826 826 826 826 826 826 826 
649 29 826 826 826 826 826 826 826 826 826 826 826 826 826 826 826 826 826 826 
12 524 826 826 826 826 826 826 826 826 826 826 826 826 826 826 826 826 826 826 
301 524 826 826 826 826 826 826 826 826 826 826 826 826 826 826 826 826 826 826 
565 42 826 826 826 826 826 826 826 826 826 826 826 826 826 826 826 826 826 826 
718 29 826 826 826 826 826 826 826 826 826 826 826 826 826 826 826 826 826 826 
384 668 826 826 826 826 826 826 826 826 826 826 826 826 826 826 826 826 826 826 
259 668 826 826 826 826 826 826 826 826 826 826 826 826 826 826 826 826 826 826 
48 668 826 826 826 826 826 826 826 826 826 826 826 826 826 826 826 826 826 826 
604 524 826 826 826 826 826 826 826 826 826 826 826 826 826 826 826 826 826 826 
107 524 826 826 826 826 826 826 826 826 826 826 826 826 826 826 826 826 826 826 
709 668 826 826 826 826 826 826 826 826 826 826 826 826 826 826 826 826 826 826 
802 524 826 826 826 826 826 826 826 826 826 826 826 826 826 826 826 826 826 826 
472 524 826 826 826 826 826 826 826 826 826 826 826 826 826 826 826 826 826 826 
749 524 826 826 826 826 826 826 826 826 826 826 826 826 826 826 826 826 826 826 
172 524 826 826 826 826 826 826 826 826 826 826 826 826 826 826 826 826 826 826 
234 524 826 826 826 826 826 826 826 826 826 826 826 826 826 826 826 826 826 826 
77 42 826 826 826 826 826 826 826 826 826 826 826 826 826 826 826 826 826 826 
646 42 826 826 826 826 826 826 826 826 826 826 826 826 826 826 826 826 826 826 
360 254 826 826 826 826 826 826 826 826 826 826 826 826 826 826 826 826 826 826 
708 29 826 826 826 826 826 826 826 826 826 826 826 826 826 826 826 826 826 826 
137 29 826 826 826 826 826 826 826 826 826 826 826 826 826 826 826 826 826 826 
398 42 826 826 826 826 826 826 826 826 826 826 826 826 826 826 826 826 826 826 
249 165 826 826 826 826 826 826 826 826 826 826 826 826 826 826 826 826 826 826 
277 165 826 826 826 826 826 826 826 826 826 826 826 826 826 826 826 826 826 826 
62 165 826 826 826 826 826 826 826 826 826 826 826 826 826 826 826 826 826 826 
662 524 826 826 826 826 826 826 826 826 826 826 826 826 826 826 826 826 826 826 
145 524 826 826 826 826 826 826 826 826 826 826 826 826 826 826 826 826 826 826 
580 42 826 826 826 826 826 826 826 826 826 826 826 826 826 826 826 826 826 826 
511 42 826 826 826 826 826 826 826 826 826 826 826 826 826 826 826 826 826 826 
214 42 826 826 826 826 826 826 826 826 826 826 826 826 826 826 826 826 826 826 
453 254 826 826 826 826 826 826 826 826 826 826 826 826 826 826 826 826 826 826 
64 524 826 826 826 826 826 826 826 826 826 826 826 826 826 826 826 826 826 826 
534 524 826 826 826 826 826 826 826 826 826 826 826 826 826 826 826 826 826 826 
253 784 826 826 826 826 826 826 826 826 826 826 826 826 826 826 826 826 826 826 
455 784 826 826 826 826 826 826 826 826 826 826 826 826 826 826 826 826 826 826 
777 165 826 826 826 826 826 826 826 826 826 826 826 826 826 826 826 826 826 826 
738 524 826 826 826 826 826 826 826 826 826 826 826 826 826 826 826 826 826 826 
601 524 826 826 826 826 826 826 826 826 826 826 826 826 826 826 826 826 826 826 
63 524 826 826 826 826 826 826 826 826 826 826 826 826 826 826 826 826 826 826 
766 668 826 826 826 826 826 826 826 826 826 826 826 826 826 826 826 826 826 826 
616 254 826 826 826 826 826 826 826 826 826 826 826 826 826 826 826 826 826 826 
393 524 826 826 826 826 826 826 826 826 826 826 826 826 826 826 826 826 826 826 
89 42 826 826 826 826 826 826 826 826 826 826 826 826 826 826 826 826 826 826 
205 165 826 826 826 826 826 826 826 826 826 826 826 826 826 826 826 826 826 826 
44 668 826 826 826 826 826 826 826 826 826 826 826 826 826 826 826 826 826 826 
698 524 826 826 826 826 826 826 826 826 826 826 826 826 826 826 826 826 826 826 
559 668 826 826 826 826 826 826 826 826 826 826 826 826 826 826 826 826 826 826 
56 668 826 826 826 826 826 826 826 826 826 826 826 826 826 826 826 826 826 826 
797 524 826 826 826 826 826 826 826 826 826 826 826 826 826 826 826 826 826 826 
536 524 826 826 826 826 826 826 826 826 826 826 826 826 826 826 826 826 826 826 
178 42 826 826 826 826 826 826 826 826 826 826 826 826 826 826 826 826 826 826 
449 254 826 826 826 826 826 826 826 826 826 826 826 826 826 826 826 826 826 826 
416 254 826 826 826 826 826 826 826 826 826 826 826 826 826 826 826 826 826 826 
724 524 826 826 826 826 826 826 826 826 826 826 826 826 826 826 826 826 826 826 
59 524 826 826 826 826 826 826 826 826 826 826 826 826 826 826 826 826 826 826 
647 784 826 826 826 826 826 826 826 826 826 826 826 826 826 826 826 826 826 826 
179 524 826 826 826 826 826 826 826 826 826 826 826 826 826 826 826 826 826 826 
